5.822496861219406128e-02
1.282250583171844482e-01
1.520561575889587402e-01
9.179841727018356323e-02
-1.292319595813751221e-01
-4.003799334168434143e-02
6.862865388393402100e-02
-1.421747654676437378e-01
-1.538841053843498230e-02
-9.291861206293106079e-02
-1.541616767644882202e-01
-4.639588296413421631e-02
-2.716792374849319458e-02
1.598321087658405304e-02
1.202350575476884842e-02
5.101010203361511230e-02
1.777747459709644318e-02
1.081448495388031006e-01
-5.422511324286460876e-02
-7.753381133079528809e-02
4.276236891746520996e-02
-5.152177438139915466e-02
7.328677177429199219e-02
2.627611160278320312e-02
-2.991683781147003174e-01
-2.255386486649513245e-02
-9.752808511257171631e-02
7.394859194755554199e-02
7.867871969938278198e-02
-1.308279335498809814e-01
-1.838573664426803589e-01
1.481952071189880371e-01
-8.145906031131744385e-03
1.215567067265510559e-02
-8.013614453375339508e-03
1.928377151489257812e-01
9.719853848218917847e-02
-4.140629433095455170e-03
6.321988534182310104e-03
1.093337014317512512e-01
1.775421500205993652e-01
7.957168854773044586e-03
-1.543746441602706909e-01
-8.173917979001998901e-02
1.325659006834030151e-01
-6.775283068418502808e-02
-9.108335524797439575e-02
2.273397333920001984e-02
-8.193084597587585449e-02
2.057584822177886963e-01
-4.441912099719047546e-02
-1.472775340080261230e-01
-6.145596876740455627e-02
8.007889986038208008e-02
-1.135705187916755676e-01
4.818359017372131348e-02
2.819441258907318115e-02
-2.212850451469421387e-01
2.496666274964809418e-02
2.489955350756645203e-02
-2.950102090835571289e-02
-9.483204223215579987e-03
-3.782185167074203491e-02
-6.268985569477081299e-02
-1.034605968743562698e-02
2.022529207170009613e-02
-1.871273666620254517e-02
-6.334934849292039871e-03
5.504846200346946716e-02
2.789029106497764587e-02
2.839377894997596741e-02
-1.495461463928222656e-01
6.606353074312210083e-02
6.121964380145072937e-02
-2.572749927639961243e-02
6.361011881381273270e-03
-1.618493231944739819e-03
7.245245575904846191e-02
-8.642692118883132935e-02
-5.514001473784446716e-02
-3.204737976193428040e-02
-5.605072155594825745e-02
-4.407309461385011673e-03
2.417715825140476227e-02
-7.913446426391601562e-02
-7.557678222656250000e-02
1.088450923562049866e-01
1.524969842284917831e-02
-3.890648111701011658e-02
-5.387226864695549011e-02
-5.625099688768386841e-02
3.397646918892860413e-02
1.216546725481748581e-02
9.349054889753460884e-04
1.702813059091567993e-01
2.134918980300426483e-02
1.246617408469319344e-03
-8.277321606874465942e-02
1.476637423038482666e-01
-2.380742691457271576e-02
6.547867320477962494e-03
8.593558520078659058e-02
-1.457674708217382431e-02
1.258838456124067307e-03
6.931059993803501129e-03
5.105341225862503052e-02
1.233007162809371948e-01
1.019089948385953903e-02
-8.824828267097473145e-02
1.083201989531517029e-01
-2.177144400775432587e-02
-7.176400721073150635e-02
-4.960068315267562866e-02
-7.054385496303439140e-04
4.796962812542915344e-02
1.420373562723398209e-02
8.189866691827774048e-02
3.809518739581108093e-02
7.678860425949096680e-02
-9.612172842025756836e-02
-8.741143345832824707e-02
1.117017772048711777e-02
9.789889305830001831e-02
-1.418357342481613159e-01
-1.234396547079086304e-02
1.422794908285140991e-01
2.272704988718032837e-01
8.049033582210540771e-02
