9.972264990210533142e-03
4.572522640228271484e-02
-5.171603709459304810e-02
-2.841277979314327240e-02
-1.635662019252777100e-01
8.972036093473434448e-02
-5.927341803908348083e-02
-3.690493851900100708e-02
-2.192926593124866486e-02
1.464079767465591431e-01
1.122711971402168274e-01
1.375289112329483032e-01
1.094330698251724243e-01
4.618755355477333069e-02
4.719560220837593079e-02
3.274102928116917610e-03
-1.057531684637069702e-01
1.283073448576033115e-03
1.374702900648117065e-01
-2.077545970678329468e-02
-5.286236107349395752e-02
-1.508958637714385986e-01
-2.955740317702293396e-02
-1.027766466140747070e-01
7.101816684007644653e-02
-1.504164189100265503e-01
-8.738344162702560425e-02
3.961833193898200989e-02
-5.746906623244285583e-02
-9.154623746871948242e-02
5.345077440142631531e-02
1.686884462833404541e-02
-9.813300520181655884e-02
-1.194999646395444870e-02
2.093690447509288788e-02
-1.007739230990409851e-01
-1.848294734954833984e-01
-1.787687391042709351e-01
2.590005286037921906e-02
-2.993382327258586884e-02
-3.232430666685104370e-02
9.365917742252349854e-02
-1.056591272354125977e-01
-6.975273787975311279e-02
-4.975432157516479492e-02
9.663736075162887573e-02
9.318897128105163574e-02
2.043267041444778442e-01
4.708660021424293518e-02
-8.583209663629531860e-02
4.637882485985755920e-02
1.870232634246349335e-02
-1.871847361326217651e-02
4.554647952318191528e-03
9.342676401138305664e-02
1.274808309972286224e-02
-1.429077982902526855e-01
4.377582669258117676e-02
9.010954946279525757e-02
-1.927545107901096344e-02
7.599402219057083130e-02
-7.618799060583114624e-02
-4.301933944225311279e-02
2.319438569247722626e-02
8.459172397851943970e-02
3.573741391301155090e-02
-1.189180612564086914e-01
4.822814464569091797e-02
5.108671262860298157e-02
1.389479339122772217e-01
-8.929850161075592041e-02
-5.638480652123689651e-03
5.590243637561798096e-02
-1.186710074543952942e-01
2.091972827911376953e-01
1.149643510580062866e-01
1.260115951299667358e-01
-2.778551913797855377e-02
1.891354322433471680e-01
1.362197548151016235e-01
9.734567254781723022e-02
1.148203313350677490e-01
-1.082204207777976990e-01
7.343877106904983521e-02
2.717871777713298798e-02
-2.663101814687252045e-02
-1.290342509746551514e-01
3.032861975952982903e-03
-1.887844689190387726e-02
1.326522380113601685e-01
-9.372968226671218872e-03
8.662018924951553345e-02
-1.367089301347732544e-01
7.214681059122085571e-02
-9.692789614200592041e-02
1.574308727867901325e-03
1.178831905126571655e-01
1.267332956194877625e-02
3.291134163737297058e-02
6.241375207901000977e-02
1.070070825517177582e-02
5.996634066104888916e-02
3.399128466844558716e-02
-6.110912933945655823e-02
-7.978190481662750244e-02
-1.977844163775444031e-02
1.450997591018676758e-01
4.941095784306526184e-02
-1.648783683776855469e-01
1.646726727485656738e-01
-4.083157703280448914e-02
3.956105560064315796e-02
-1.858613267540931702e-02
-1.611567474901676178e-02
-9.312029927968978882e-03
-1.905038580298423767e-02
1.137349829077720642e-01
3.823490813374519348e-02
-1.559209972620010376e-01
1.000610142946243286e-01
-7.404905557632446289e-02
-3.922602906823158264e-02
1.442490704357624054e-02
-1.139062345027923584e-01
4.824770614504814148e-02
-1.348291486501693726e-01
2.720983512699604034e-02
-3.353250212967395782e-03
