7.013837993144989014e-02
-3.069052472710609436e-02
-4.630978405475616455e-02
-3.634045273065567017e-02
-9.768215566873550415e-02
2.524891495704650879e-01
-1.076073348522186279e-01
-5.703399702906608582e-02
5.043234676122665405e-02
1.273270100355148315e-01
-9.622257947921752930e-02
8.147080242633819580e-02
8.925735205411911011e-02
-1.944520473480224609e-01
-2.377181313931941986e-02
-8.475492894649505615e-02
-2.157968841493129730e-02
-4.354230128228664398e-03
1.298596560955047607e-01
7.659252732992172241e-02
-6.738415360450744629e-02
-6.156000494956970215e-02
5.467645451426506042e-02
-1.299993991851806641e-01
-2.564726397395133972e-02
-1.687909513711929321e-01
-1.276495009660720825e-01
2.998094633221626282e-02
-4.830015450716018677e-02
1.304655224084854126e-01
-8.557932078838348389e-02
-2.422492206096649170e-02
-1.233612895011901855e-01
-1.340807378292083740e-01
-9.372209198772907257e-03
-6.096329167485237122e-02
-9.458968788385391235e-02
-6.414998788386583328e-03
1.594591736793518066e-01
-1.242223978042602539e-01
1.277775764465332031e-01
-1.405818574130535126e-02
-1.039191335439682007e-01
-1.343250870704650879e-01
-1.164929494261741638e-01
3.437809646129608154e-02
1.981799453496932983e-01
2.026493102312088013e-01
4.277784377336502075e-03
-3.642290085554122925e-02
2.387340064160525799e-04
-6.057174876332283020e-03
6.881501525640487671e-02
-1.078541278839111328e-01
-4.508119449019432068e-02
-1.720145111903548241e-03
-1.009477227926254272e-01
1.125230640172958374e-01
-1.996096409857273102e-02
-7.953029125928878784e-02
-2.016142569482326508e-02
-2.249549329280853271e-02
4.868971183896064758e-02
4.229685664176940918e-02
1.467532366514205933e-01
-1.019549462944269180e-02
-1.957654505968093872e-01
-6.193215399980545044e-02
1.884393543004989624e-01
1.557260155677795410e-01
-1.258627921342849731e-01
8.860962092876434326e-02
-1.981480792164802551e-02
8.478029631078243256e-03
1.823112368583679199e-02
1.041226834058761597e-01
5.844275653362274170e-02
-1.316691488027572632e-01
1.744527928531169891e-02
-1.329036749666556716e-04
3.706803545355796814e-02
5.646410956978797913e-02
9.256848134100437164e-03
1.163006722927093506e-01
-3.109574690461158752e-02
-3.582078963518142700e-02
6.989095360040664673e-02
2.905262261629104614e-02
4.977083206176757812e-02
1.347016841173171997e-01
2.652327157557010651e-02
-4.414317756891250610e-02
-4.816138371825218201e-02
-3.471730276942253113e-02
-6.999629735946655273e-02
2.091033942997455597e-02
1.545164734125137329e-01
5.097200721502304077e-02
-8.903330564498901367e-02
4.475541785359382629e-02
8.955192565917968750e-02
1.072894595563411713e-02
5.312437564134597778e-02
-8.510082028806209564e-03
6.335420161485671997e-02
8.019128441810607910e-02
-8.031468838453292847e-03
-2.721818536520004272e-02
-8.351781964302062988e-02
7.960294187068939209e-02
-2.140657510608434677e-03
-1.839081197977066040e-02
-2.909903042018413544e-02
7.636767625808715820e-02
-6.925632059574127197e-02
1.029837131500244141e-01
2.439917810261249542e-02
1.340910047292709351e-01
-1.354800611734390259e-01
3.682309389114379883e-02
-5.163467302918434143e-02
-4.982634261250495911e-02
-1.882106252014636993e-02
-1.412370800971984863e-01
8.344039320945739746e-02
-1.519100181758403778e-02
5.546365678310394287e-02
3.045292943716049194e-02
